1476437073074790401
1476435680091725825
1476435380421410818
1476435347143725059
1476435053416615938
1476434671051362305
1476434658296414210
1476434275704655876
1476433529978650624
1476433287707078658
1476433126087802880
1476433116457848835
1476433115740622848
1476433038925918213
1476433026032685057
1476432936891256833
1476432891496345601
1476432868649754626
1476432865474842628
1476432864547799044
1476432698855997442
1476432684679237635
1476432560662061057
1476431007154798595
1476430712689414148
1476430475635818496
1476430347369861123
1476429138407821313
1476428985856790528
1476428838544371715
1476428686907740160
1476428562056073217
1476428304668262404
1476428012706926594
1476427896424001541
1476427854900457473
1476427841415876609
1476427830741417987
1476427830606974982
1476427629813276673
1476427327458340865
1476427048017022980
1476426913908502532
1476426336805785606
1476425780775165955
1476425314934788096
1476425314473373697
1476425314100076548
1476425184760385539
1476425012072665092
1476424524795047939
1476424283857563650
1476423749758963713
1476423390617501699
1476423385445900288
1476422810595737601
1476422797706600449
1476422797672910850
1476422742979362816
1476421564740476932
1476421539205500928
1476421207683522564
1476421127077462016
1476421093795635201
1476421020978331658
1476420956188856320
1476420811082944513
1476420400913399808
1476420281098903553
1476420000420401152
1476418797510664197
1476418386506694656
1476418336917319688
1476418334237212673
1476418332207108097
1476418329917100033
1476418327505375233
1476418213873393667
